v  1.0 0.0 0
v  0.30901699437494745 0.9510565162951535 0
v  -0.8090169943749473 0.5877852522924732 0
v  -0.8090169943749475 -0.587785252292473 0
v  0.30901699437494723 -0.9510565162951536 0
v  1.0 0.0 1
v  0.30901699437494745 0.9510565162951535 1
v  -0.8090169943749473 0.5877852522924732 1
v  -0.8090169943749475 -0.587785252292473 1
v  0.30901699437494723 -0.9510565162951536 1
v  1.0 0.0 2
v  0.30901699437494745 0.9510565162951535 2
v  -0.8090169943749473 0.5877852522924732 2
v  -0.8090169943749475 -0.587785252292473 2
v  0.30901699437494723 -0.9510565162951536 2
v  1.0 0.0 3
v  0.30901699437494745 0.9510565162951535 3
v  -0.8090169943749473 0.5877852522924732 3
v  -0.8090169943749475 -0.587785252292473 3
v  0.30901699437494723 -0.9510565162951536 3
v  1.0 0.0 4
v  0.30901699437494745 0.9510565162951535 4
v  -0.8090169943749473 0.5877852522924732 4
v  -0.8090169943749475 -0.587785252292473 4
v  0.30901699437494723 -0.9510565162951536 4
v  1.0 0.0 5
v  0.30901699437494745 0.9510565162951535 5
v  -0.8090169943749473 0.5877852522924732 5
v  -0.8090169943749475 -0.587785252292473 5
v  0.30901699437494723 -0.9510565162951536 5
v  1.0 0.0 6
v  0.30901699437494745 0.9510565162951535 6
v  -0.8090169943749473 0.5877852522924732 6
v  -0.8090169943749475 -0.587785252292473 6
v  0.30901699437494723 -0.9510565162951536 6
v  1.0 0.0 7
v  0.30901699437494745 0.9510565162951535 7
v  -0.8090169943749473 0.5877852522924732 7
v  -0.8090169943749475 -0.587785252292473 7
v  0.30901699437494723 -0.9510565162951536 7
v  1.0 0.0 8
v  0.30901699437494745 0.9510565162951535 8
v  -0.8090169943749473 0.5877852522924732 8
v  -0.8090169943749475 -0.587785252292473 8
v  0.30901699437494723 -0.9510565162951536 8
v  1.0 0.0 9
v  0.30901699437494745 0.9510565162951535 9
v  -0.8090169943749473 0.5877852522924732 9
v  -0.8090169943749475 -0.587785252292473 9
v  0.30901699437494723 -0.9510565162951536 9
v  1.0 0.0 10
v  0.30901699437494745 0.9510565162951535 10
v  -0.8090169943749473 0.5877852522924732 10
v  -0.8090169943749475 -0.587785252292473 10
v  0.30901699437494723 -0.9510565162951536 10
v  1.0 0.0 11
v  0.30901699437494745 0.9510565162951535 11
v  -0.8090169943749473 0.5877852522924732 11
v  -0.8090169943749475 -0.587785252292473 11
v  0.30901699437494723 -0.9510565162951536 11
v  1.0 0.0 12
v  0.30901699437494745 0.9510565162951535 12
v  -0.8090169943749473 0.5877852522924732 12
v  -0.8090169943749475 -0.587785252292473 12
v  0.30901699437494723 -0.9510565162951536 12
v  1.0 0.0 13
v  0.30901699437494745 0.9510565162951535 13
v  -0.8090169943749473 0.5877852522924732 13
v  -0.8090169943749475 -0.587785252292473 13
v  0.30901699437494723 -0.9510565162951536 13
v  1.0 0.0 14
v  0.30901699437494745 0.9510565162951535 14
v  -0.8090169943749473 0.5877852522924732 14
v  -0.8090169943749475 -0.587785252292473 14
v  0.30901699437494723 -0.9510565162951536 14
v  1.0 0.0 15
v  0.30901699437494745 0.9510565162951535 15
v  -0.8090169943749473 0.5877852522924732 15
v  -0.8090169943749475 -0.587785252292473 15
v  0.30901699437494723 -0.9510565162951536 15
v  1.0 0.0 16
v  0.30901699437494745 0.9510565162951535 16
v  -0.8090169943749473 0.5877852522924732 16
v  -0.8090169943749475 -0.587785252292473 16
v  0.30901699437494723 -0.9510565162951536 16
v  1.0 0.0 17
v  0.30901699437494745 0.9510565162951535 17
v  -0.8090169943749473 0.5877852522924732 17
v  -0.8090169943749475 -0.587785252292473 17
v  0.30901699437494723 -0.9510565162951536 17
v  1.0 0.0 18
v  0.30901699437494745 0.9510565162951535 18
v  -0.8090169943749473 0.5877852522924732 18
v  -0.8090169943749475 -0.587785252292473 18
v  0.30901699437494723 -0.9510565162951536 18
v  1.0 0.0 19
v  0.30901699437494745 0.9510565162951535 19
v  -0.8090169943749473 0.5877852522924732 19
v  -0.8090169943749475 -0.587785252292473 19
v  0.30901699437494723 -0.9510565162951536 19
f 1 2 6
f 2 3 7
f 3 4 8
f 4 5 9
f 5 6 10
f 6 7 11
f 7 8 12
f 8 9 13
f 9 10 14
f 10 11 15
f 11 12 16
f 12 13 17
f 13 14 18
f 14 15 19
f 15 16 20
f 16 17 21
f 17 18 22
f 18 19 23
f 19 20 24
f 20 21 25
f 21 22 26
f 22 23 27
f 23 24 28
f 24 25 29
f 25 26 30
f 26 27 31
f 27 28 32
f 28 29 33
f 29 30 34
f 30 31 35
f 31 32 36
f 32 33 37
f 33 34 38
f 34 35 39
f 35 36 40
f 36 37 41
f 37 38 42
f 38 39 43
f 39 40 44
f 40 41 45
f 41 42 46
f 42 43 47
f 43 44 48
f 44 45 49
f 45 46 50
f 46 47 51
f 47 48 52
f 48 49 53
f 49 50 54
f 50 51 55
f 51 52 56
f 52 53 57
f 53 54 58
f 54 55 59
f 55 56 60
f 56 57 61
f 57 58 62
f 58 59 63
f 59 60 64
f 60 61 65
f 61 62 66
f 62 63 67
f 63 64 68
f 64 65 69
f 65 66 70
f 66 67 71
f 67 68 72
f 68 69 73
f 69 70 74
f 70 71 75
f 71 72 76
f 72 73 77
f 73 74 78
f 74 75 79
f 75 76 80
f 76 77 81
f 77 78 82
f 78 79 83
f 79 80 84
f 80 81 85
f 81 82 86
f 82 83 87
f 83 84 88
f 84 85 89
f 85 86 90
f 86 87 91
f 87 88 92
f 88 89 93
f 89 90 94
f 90 91 95
f 91 92 96
f 92 93 97
f 93 94 98
f 94 95 99
f 95 96 100
